54
107775
204648
441183
11094836
16173235
17328659
17807753
17898859
18063533
18477455
20626319
20833613
20833623
20975578
20981158
20982927
21015489
21034458
21068295
21261083
21442033
21716195
21993086
24487450
24922221
25141246
25181326
25248662
25254928
25254936
25255071
25270682
25282227
25508576
25623904
25653778
25721593
25730724
25735371
25844325
25869577
25869583
25869720
25869752
25869814
25869819
25929985
25930131
25960293
25975135
26037035
26037142
26037569
26037632
26037873
26038567
26038568
26038590
26082288
26082451
26082452
26145758
26150422
26150436
26150437
26150791
26151301
26162465
26292942
26396457
26399215
26432122
26480399
26480836
26482228
26482519
26482523
26483113
26483306
26483350
26485876
26486267
26486498
26486523
26487261
26487469
26487670
26527255
26544289
26553042
26553051
26559198
26559256
26559288
26562214
26576153
26576172
26576174
26576175
26576195
26576210
26576213
26576218
26604766
26671739
26686504
26686508
26686518
26686526
26686548
26686563
26686577
26686587
26707263
26726183
26755661
26761400
26804505
26807241
26903504
26938845
26951330
26980624
27000366
27000791
27017589
27025689
27043346
27048976
27072633
27073428
27084072
27090043
27096008
27119039
27121360
27122612
27150427
27161819
27171628
27193090
27193093
27193094
27193269
27252361
27284711
27386700
27434277
27490597
27503886
27503892
27503945
27503946
27504067
27504156
27504327
27504363
27504531
27504590
27505044
27505129
27505266
27505285
27505335
27505509
27505582
27505663
27505666
27505889
27511706
27511708
27513227
27524773
27547977
27547986
27548009
27564937
27564941
27564946
27564954
27564966
27564968
27564973
27564983
27564994
27565002
27565008
27565020
27565022
27565027
27565034
27565056
27565065
27565076
27565078
27565080
27565081
27565089
27565091
27565103
27565107
27565109
27565111
27565116
27565120
27565124
27593232
27748769
28849760
29011774
29090735
29333339
29438069
29488312
29512403
29629883
29777988
29808923
29809156
29811182
29880578
29886774
29922899
29926754
29941752
30014556
30094969
30115597
30189922
30211844
30211883
30421326
30674098
30915641
30917648
30933440
31203257
31248510
31264073
31264080
31264100
31264110
31264116
31264130
31264137
31264139
31264143
31337673
31353319
31367562
31556298
31901874
32013127
32441977
32520143
32539072
32566103
32591050
32663279
32674103
32675806
32676699
32677634
32677945
32821920
32826331
32826332
32828378
32832910
33187331
33259203
33364833
33364835
33364950
33622904
33997995
34079017
34105607
34389350
34395341
34567423
34582422
34593849
34662230
34684808
34840064
34964314
35295150
35926758
36155607
36155827
36161070
36161074
36714827
38451000
39682896
41977208
43528250
43528267
43528290
43528307
43528320
43528345
43528353
44910351
44914091
44917688
44925073
44925183
44925462
44927060
44927777
44929227
44929360
44929495
44929726
44930353
44931375
44933078
44933158
44989844
44992697
44992704
44997889
44998138
44998738
44999000
44999588
44999611
45001497
45003541
45004027
45005146
45006172
45006358
50016356
50020503
50028181
51341115
52561531
53190047
53200527
56041485
56095285
56097668
57116400
57549546
57554537
57563779
57683926
58422785
58744442
58918710
58950371
59043304
59058448
59115290
59735022
59900417
59953738
60018211
60038888
60169822
60269696
60400458
60404417
60410873
60485579
60571493
60647966
60655687
60655699
60655918
60710142
60715062
60715164
60729033
61753360
62221032
62270270
62505581
63621589
64776484
64778090
66298767
66502648
66586322
67253662
67273291
67280322
67283748
68507505
68528585
70978800
70990193
71374851
71612929
72959652
72990657
76611479
81590481
82260251
82673255
83529422
84466877
87491965
87841198
89369215
89381749
89918976
89942783
90135018
90200226
93711720
94312904
96209423
96223684
97922073
97993575
98022062
98869302
99474380
99967143
100035698
103905360
103913308
107988853
111353560
113548786
114123520
114123525
114123787
114123967
114123970
115622916
116056557
116359720
116851075
119012474
119012479
119510228
122511459
122739684
125027380
126278515
126383941
127799783
128054630
128510650
128556778
128561166
128566747
128657320
129984582
129991407
129993092
130040361
130042336
130388465
130484930
132021012
132714958
132724948
133069982
133072627
133221690
133445298
138009623
138033311
139314748
140109135
140154764
142172498
142256099
142457861
146541158
146570870
146881926
148901123
148901125
150384326
150545850
150918835
150935219
150937386
150939853
150956539
150959789
150964064
151370941
151465650
151470742
151618934
151664104
151741916
151757071
151791080
151904088
151948466
152364165
153353016
153806548
153843609
153982815
154020768
154051410
154089041
154283978
158240498
158368533
158576812
158618991
158809705
158811904
158838248
158860186
158860252
160257516
160569651
163043169
165952298
170792214
174590403
175683474
175699213
175896610
176957217
178951928
179374935
181328750
181356942
183122494
183802950
184600213
184640403
184688705
185489267
191636706
191638748
191640862
191641244
191644503
191648647
191650708
191651581
191652335
191655065
191657470
191664748
191667890
191697061
191698855
191723030
191725784
191733890
191736223
191736988
191738860
192288043
192296363
195594311
197501928
197698100
197701710
198403560
198406387
198409278
198411639
198416132
198416899
198418541
198420062
198421467
198422334
198423279
198423933
198424676
198425012
198432092
198432984
198450537
198457801
198490607
198491046
198491056
198492634
198493551
198493660
198495072
198495398
198495725
198496785
198497077
198497272
198497548
198498501
198498738
198498956
198499092
198499989
198500671
198501457
198503338
198503889
198505927
198506019
198507159
198508568
198509485
198512088
198512957
198514971
198515822
198516371
198518624
198520873
198522530
198523061
198525942
198526614
198527460
198529227
198529935
198530708
198531818
198532506
203998280
204499880
205503577
206101229
206136859
206600521
207539450
207689592
208840062
210063748
210178763
210231290
210333762
210360300
210362834
210414793
210731106
210738427
212488422
212677583
213601095
214189449
214203803
214204892
214210491
214220794
214229792
214887132
218370088
218716543
218730242
218752469
218787821
226791840
226938372
227109482
227127401
228290010
228307541
229481406
229485648
229488461
229492717
229503490
229639771
229673181
229679563
230628786
230964856
231332430
231379524
231405163
231418623
231498735
231529396
232215256
232351722
234040855
234061921
234280798
234298960
234526006
234617069
235278210
235857686
235861650
235886826
236053950
237193709
237257414
237498687
240025182
240028377
240038130
240038219
240062840
240093137
240102374
240109189
240110029
240116263
240126753
240266371
240470924
240494362
240865457
240872918
240993564
241035125
241492821
241542056
241619182
242414184
242414515
242978887
243191014
243198608
243642619
243670659
243837793
243838438
243850404
243850406
243850911
243993095
244076988
244077729
244079717
244080395
244080443
244080543
244080620
244080861
244081381
244081434
244081765
244081999
244082077
244082124
244082386
244083094
244083626
244311324
244311432
244311735
244315387
245023717
245482378
245531332
245542318
245544300
245550581
245552720
245554685
245554769
245557356
245581432
245600130
245640543
245687871
245688633
245707150
245712627
245716231
245717374
245735780
245756095
245792117
245888165
245888957
245889876
245914677
245916285
245919721
245923286
245926011
246078046
246180265
246459003
246490714
246579112
246671856
246825527
246835820
246837430
246843429
246965597
247027425
247030264
247439158
247717281
247782633
248421092
248436981
248689519
248690226
248691069
248700950
248701647
248764278
248764852
248820656
249060591
249060596
249165824
249166495
249167555
249167597
249246784
249420749
249420949
249423578
249423791
249424015
249424122
249426732
249429156
249429504
249596111
249597119
249597621
249598712
249599176
249599402
249599781
249600332
249748477
249854726
250447778
250447813
250447847
250651104
250651105
250651118
250651122
250651124
250651126
250651151
250651186
250651187
250651408
250651411
250651421
250651467
250651595
250651597
250652000
250884373
250944260
250989208
251073791
251223522
251608378
251608438
251645471
251879395
252057835
252098339
252176252
252217933
252509153
252592807
252600742
252686619
252990357
252991807
252995539
252996038
252996132
252996247
252996432
252996562
252997068
252997293
253129357
253192754
253224182
253237975
253292160
253855157
253874196
254372964
254397489
254466792
254467298
254528943
254609408
254616067
254618037
255425308
255466573
255589318
255590043
255590322
255591375
255591401
255591716
255594923
255602805
255603098
255615843
256304928
256505236
256555232
256594216
256594759
256605435
256629919
256633232
256842008
256889019
256990829
256991275
256992516
256993179
257352079
257506849
257710244
257838557
257885052
257885151
257903167
257903226
257904596
257904863
257905362
257905685
257905923
257906398
258013552
258064159
258160432
258162316
258162403
258165920
258168998
258307668
258511419
258511874
258919720
259003379
259009337
259119234
259289305
259490969
259593578
259593870
259609505
259711489
259846344
259846349
259846360
259846361
259846365
259846368
259846374
259846376
259846381
259846383
260380069
260714409
260715532
260716346
260716549
261076253
261702404
261833893
262095995
262212119
262635287
262635301
262719313
262906892
262963217
263261532
263263790
263264345
264012339
264048594
264064059
264158895
264393693
264573224
264885332
265006357
265056942
265057614
265099144
265099146
265099147
265099148
265099149
265099150
265099152
265099153
265099156
265099157
265099158
265099159
265099162
265099163
265099164
265099165
265099168
265099169
265099170
265099171
265099173
265099174
265099175
265099177
265099180
265958490
266185307
266478791
266642215
266727954
266776249
267121995
267554214
267556063
267933614
268116782
268127318
268256784
268380974
268382272
268459612
268599713
268802158
268928372
269194842
269342417
269905615
269905839
269906564
269907416
269908777
269908857
269908858
269910244
269911529
269912387
269913428
269914302
269914489
270488512
270718502
270873161
270873411
271009425
271613766
271659191
271687522
271741224
272029209
272109451
272327246
272367389
272377981
272378756
272379571
272399411
272401474
273129425
273136891
273587922
273589239
273590692
273592234
273658993
274021463
274113797
275612382
275730904
275991117
276517532
276628719
277060995
277270298
277381654
277399357
277399530
277399662
277399765
277520853
277547195
277562135
277741100
277741361
277867792
277873430
277875981
277879751
277888774
277929869
277932033
277945591
277971781
278472603
278507994
278516701
278747579
279009752
279010032
279010261
279010365
279010432
279010696
279116876
279670201
280028528
280679947
280978108
281537750
281543499
281543797
281550802
281550841
281552634
281680652
282222437
282297046
282310507
282317476
282335934
283852736
284074373
285481028
286426799
287543373
287544816
287550909
287553320
287554239
287585326
287590041
287621836
287622372
287625095
287865393
288369855
288417925
288418022
288491858
288493021
288510602
288825235
288992209
289031151
289035432
289141966
289643197
290485693
291449779
291768008
291964008
291964314
292047350
292048808
292052866
292205897
292479580
292806332
293168610
293298496
293386732
293460811
293673885
293911735
293918338
293921154
293929556
293932417
293932664
293941554
293967732
293970113
293971740
293975982
294001845
295325876
295326271
295342933
295343612
295657197
295921642
295924875
296054949
296110116
296140043
296306218
296512221
296960467
297094905
297231370
297275817
297282778
297337782
297441760
297445941
297463331
297522524
297576607
297591741
297964174
297975116
298018887
298019989
298024011
298290931
298296162
298296166
298296168
299120862
299411935
299501065
299531301
299546351
299616414
299617915
299618513
299619085
299680100
299681006
299682062
299682811
299683227
299684626
299692217
299695849
299698224
299699468
299700319
299702563
299736407
299822267
299824735
299825178
300066939
300074306
300076998
300077759
300078547
300086614
300217995
300272255
300382318
300387736
300389431
300389556
301181330
301331954
301399969
301515447
302260821
302261828
302295621
302349911
302364713
302475401
302514187
302523440
302608039
302608615
302608868
302610933
302611004
302666274
302685419
302737590
302737807
302738145
302845879
303474004
303545829
303801813
303913177
304199925
304247120
304577692
304624288
304624491
304816313
305138115
305374567
305377332
305385710
305626614
306151463
306243099
306247723
307152707
307406289
307972854
307974098
307974116
307974181
307974676
308198200
308198839
308199036
308305741
308306420
308452912
308463710
308813067
309303769
309872332
309873479
309996919
310090137
310714964
311727613
311731779
311733271
311733902
311734768
311736627
311747244
312045131
312045158
312257491
312368833
312432807
312452077
312462304
312466967
312573218
312575332
312586412
312593138
312595265
312781018
312781022
313015821
313015845
313015848
313085206
313181470
313319448
313472635
313508522
313557783
313675156
313714478
313736426
313742518
313764484
313811401
313884331
313903710
313904931
313906256
313910428
313911833
313912581
313915969
313917571
313921866
313926435
313929869
313943603
314001434
314005602
315260631
315342451
315358390
315359327
315390382
315422127
315734346
315744420
316417040
316753051
316791019
316841166
316843071
316858015
316976705
317162067
317949136
317967219
317989136
318091652
318097349
319054316
319225774
319225802
319466986
319780564
319858811
320100077
320661313
321322622
321350099
321376181
321438810
321481872
321486731
321555078
321761901
322037986
322044775
322497973
322506424
322558650
322574023
322788132
322789099
324416144
328850126
330058453
330418520
330423418
330435343
330457384
330511654
330756068
331130782
331136682
331148078
331385964
331385969
331386368
331392785
331410669
331691755
331728890
331730931
332175615
332181950
332268980
332598161
333000089
333655403
333673827
333675723
333688135
335077559
335126704
335711690
336215777
337597818
338539511
339209702
339678145
339681618
339722677
340140307
342039019
342097621
342117043
343238071
343756782
344650643
344799743
346801397
347693883
348117530
348237703
349039206
351111110
354872619
357913636
359862014
360149027
360153172
360163529
360352320
364838273
366477502
366876767
367367305
369469617
369486734
369486903
369486906
369486909
369486911
369486914
369486919
369486925
369486928
369486930
369486933
369486936
369486939
369486941
369486944
369486946
369486949
369486983
369487010
369487012
369487017
369487019
369487024
369487028
369487030
369487033
369487036
369487039
369487046
369487048
369487050
369487053
369487058
369487061
369487065
369487067
369487072
369487077
369487086
369487088
369487094
369487099
369487102
369487105
369487110
369487113
369487115
369487118
369493329
369493469
369494127
369494387
369496665
369497420
369500451
369501901
369502341
369503178
370022484
370757335
371274506
372612223
372810213
372811021
372812084
372812229
372813341
372813885
373016067
373016260
373164985
373782315
375727706
381988528
385713356
389682007
390384649
390614421
393820219
394266907
394733994
406192860
407997799
408089150
408351677
408737179
409647053
409666323
409675713
409682242
409686741
409691951
409694129
409704578
409975309
409978675
409983708
411362306
411804007
412946829
413451054
413630468
415163462
415165872
415166392
416470120
416492912
417258484
418165557
418392093
422868186
424703021
425300501
425746989
428184717
428339490
428339505
428339511
428339515
428339558
428504674
430956963
434420117
434449745
435259164
435380660
435514019
435579903
435662822
435669247
435755862
435804657
435903633
436003765
436044301
437337175
442012721
442688831
442976540
443395221
443422563
443814800
446299774
448814768
450570678
452440133
457321994
461906152
461959353
465591876
468625164
468686404
469211942
469212727
471357225
472114145
472114148
472115002
476644372
476645658
477483943
477499598
478528026
480114381
484263916
484267714
485553598
488194396
493395619
493885055
496264781
498665827
498671062
498680416
498680729
498681136
498681309
498681622
498681772
498682112
498682265
498856704
501193829
501514422
501540880
501540886
501540887
501540896
501540897
501540899
501540901
501540902
501540903
501540904
501540908
501540913
501540926
501540929
501540935
501540938
502876721
504843350
507951907
508040941
509907130
510542745
520140660
528990247
530544342
530544371
530544488
533681139
540033030
541402993
544519673
554374965
560229438
560241406
560719199
560852878
561134924
566672797
567053507
567054854
567940176
568515366
569005393
569040820
571225333
572549095
572557865
572568688
573457897
573516235
574804765
574820566
574841107
585128821
598253294
599019138
599473544
599776877
601079339
602914594
603066977
611897092
611962905
614229648
614900904
614925666
615209242
617428620
617914977
619897914
620439732
621235472
621872407
622514835
623151602
625740529
629118819
640003455
642042925
652432282
655122109
657059412
663060430
663316914
663390211
664161333
667350399
667649688
667651748
668066114
668130569
668897842
669059480
671507246
671806634
676777722
686094805
697397853
697537844
697538055
702987391
703048335
703166711
703166714
703166719
703166743
710305755
711715624
713524647
721818614
724157435
726945706
727292572
727292577
729610410
732125487
734098547
734866113
734876517
736355846
738723480
739203629
740732715
746425932
752184864
752195639
752206840
752398625
760725882
762073174
762306892
763118317
767131389
768032316
768555545
768582192
768586066
768595872
768597777
773119937
778910398
780536498
784918974
790323861
790807049
790807065
798842911
798877241
798885889
799097498
802584976
802856870
811383246
829834635
830011080
859665479
866601087
886601234
892162451
894114195
914310439
918274948
919301410
921563456
922247912
922792493
924671402
925365962
925959119
928167493
928169782
928414928
931680358
931715337
942030709
944867369
944871924
958923583
958923586
959618169
965797300
965797331
966608500
967978473
968039424
968039425
971260269
976428813
982548735
982912586
984029824
990129709
994060706
998649870
1037917163
1039835176
1039836076
1039836415
1046100133
1051669585
1073096792
1073097030
1082208696
1082784388
1091272140
1092141659
1105715588
1108891208
1110779940
1124781912
1147314253
1159112554
1168567868
1170597942
1174617281
1194799496
1198398303
1216174459
1217463192
1217719218
1218147544
1222651844
1223287090
1224186975
1225440845
1226172607
1226274604
1227140687
1235451313
1236365110
1236747164
1239624868
1242998122
1250713619
1257860038
1274095863
1277061228
1279911377
1282585464
1308825513
1314056442
1316803633
1324391734
1330247266
1358693502
1362628219
1362633207
1366539642
1374267802
1376423353
1376501203
1376606376
1376769424
1382089438
1383960098
1384879294
1388360819
1390375711
1394787650
1395854447
1395957416
1404224477
1404226133
1404233007
1404233530
1404846787
1420830321
1429946815
1440998494
1440998537
1440998555
1440998628
1440998683
1450460156
1450610056
1452374984
1457457600
1457469393
1466716533
1472171851
1487757399
1492685514
1505634228
1506264134
1515015048
1522654732
1523760309
1527965399
1530957491
1533096290
1533135851
1538978470
1539810898
1551511175
1553065602
1565509268
1572584759
1577255384
1590291928
1594669682
1595816441
1597696141
1597903144
1597912529
1597913597
1599381299
1599473536
1599959917
1601837931
1605486862
1607319731
1614277087
1617730500
1622415710
1628207792
1635651356
1636218447
1637392931
1637392932
1637392933
1643102325
1643504896
1643945522
1645033734
1651888734
1655766715
1655924498
1656035909
1656107649
1663173902
1667671341
1667873346
1669842684
1674026139
1679058496
1679639726
1685715520
1685767121
1685829423
1685926271
1686293227
1687216929
1691675873
1693132865
1693132866
1695218178
1697487051
1699103550
1699640925
1700534808
1700642536
1707621796
1717464540
1717506745
1722974578
1735961887
1765500676
1769099996
1769108360
1771221134
1773877380
1776467369
1785382787
1795753995
1797982447
1801308037
1808192270
1809741111
1813877089
1815856037
1818076420
1818469748
1824462523
1824961792
1832841848
1834139017
1838666975
1843238758
1846826471
1847720468
1848292179
1848318165
1848533186
1849664334
1849683437
1849683441
1857377578
1863747052
1868373176
1882099475
1882249894
1886282981
1886317088
1886317089
1888261495
1898614152
1898769269
1903870735
1903901577
1904268385
1904388026
1904481137
1904513677
1904525318
1904543635
1917310844
1919282943
1920687667
1920732032
1920763571
1922043513
1923857087
1928895764
1932338735
1932879629
1937158013
1941427461
1944642790
1952227085
1958106184
1961985643
1968281574
1972867801
1974152079
1975648720
1984004255
1988269109
1989459400
1997308009
2016137778
2016139765
2019365636
2021709163
2026026298
2027857333
2032098356
2062772404
2071888096
2073160712
2073724254
2074455167
2081450443
2087030825
2090425801
2094085354
2094150295
2094966007
2095559570
2110720553
2121948236
2124202500
2129274144
2131375958
2133014402
2134804674
2135442533
2145646486
2149000430
2160053457
2160837232
2177844104
2187478118
2188921634
2189893258
2189917788
2189927054
2189929542
2189936799
2189951896
2189959219
2195276463
2195995727
2197082613
2210333310
2229108019
2229109132
2229117854
2229120549
2229122519
2229123931
2247730880
2254096718
2267583418
2276754230
2277730366
2277979854
2278046170
2278186810
2282827069
2289652909
2293469593
2304828846
2304867251
2304872572
2317482083
2330307546
2352761730
2371160930
2378389848
2388513950
2389061853
2396275966
2401517863
2448258134
2454265197
2457145202
2460428648
2463768909
2466067279
2466218181
2469246094
2470797094
2482800005
2482943247
2502425156
2504142377
2510123017
2512895232
2516231661
2523418507
2558354344
2592301390
2597775779
2611079208
2611993741
2612325231
2612608301
2613625262
2613802518
2622101785
2623323577
2633365359
2638988934
2649307992
2651917474
2651917475
2667842900
2669874826
2674313017
2689551456
2691094601
2701550475
2707959938
2718091147
2725962976
2725995822
2773628551
2773636390
2773644825
2778131598
2781151358
2781151359
2807995904
2813687139
2841325913
2845786546
2847515224
2865088562
2872238032
2875442305
2880935697
2880951653
2886429652
2893369031
2903312081
2903625031
2912552688
2924531712
2973748697
2973748698
2973748699
2973775786
2976400400
2986300166
2988195538
2988385577
3009802821
3023074972
3028263335
3049315880
3051635970
3054906638
3060725618
3110093634
3122879753
3125538288
3129805281
3140507587
3165861873
3189524884
3189545156
3190512188
3192608052
3193669604
3196834879
3198605239
3227589041
3233393892
3233724239
3233732148
3233780070
3235158927
3241745464
3247454356
3250608947
3250731081
3253585793
3266666998
3275722461
3286573967
3298545361
3300131844
3300966505
3302462647
3311875721
3332061294
3333899889
3338197104
3345770103
3345770104
3345770105
3355969555
3371222422
3377581135
3398021140
3401391999
3403988493
3408968042
3411425688
3415627480
3422725352
3442474911
3444930202
3457570013
3475248415
3494730954
3496962324
3504042566
3554636995
3606233531
3613137018
3630168530
3647917681
3658518328
3675848658
3689758728
3744936806
3868448869
3956170554
3956360112
3957750396
3983483023
3983483024
3983483025
3983738355
3983739059
3983816051
3983937285
3983949171
3984083145
3984083146
3984083147
3984705258
3984705259
3995066055
4011301193
4016221909
4016344378
4017107867
4019886919
4034153746
4042798428
4052390189
4055201267
4076799624
4086624259
4098894827
4113164339
4125845973
4126283179
4145210488
4155841482
4156226706
4244310289
4282052851
4289361265
4289547753
4298140251
4377031024
4388736118
4392412822
4409324516
4411011714
4411417041
4411424709
4411431929
4411437538
4411443276
4411452630
4411457098
4411472197
4411478480
4411480841
4411483369
4411487502
4411489837
4411498662
4415299666
4415327350
4418479121
4451233286
4488671145
4526985879
4546749407
4556016892
4571693347
4590192817
4674764082
4698589016
4705256502
4729574707
4736094012
4737748822
4763558427
4791369250
4834272899
4868156310
4870252485
4882355591
4882355592
4950552057
4952774020
4981120964
5007479409
5011406121
5144012738
5158953748
5207781376
5300225730
5347890620
5399542329
5439050511
5471070551
5473163161
5473185926
5486352294
5486980024
5488948282
5520636453
5531917208
5534085769
5548746213
5575002580
5579116461
5587743989
5683127962
5798692759
5823779901
5937852460
5998786589
6039899586
6039901085
6066399433
6088495935
6116141221
6123773911
6143214892
6196594141
6302964083
6346966810
6364946636
6394641551
6489770653
6494333901
6503243613
6505682212
6532998779
6556990825
6562506570
6562506571
6588896221
6597944710
